  001 0.051200 0.149600 0.025100 0.042800 0.210600 0.182800 0.106100
  009 0.050100 0.146600 0.024400 0.041700 0.207500 0.186900 0.105700
  017 0.048700 0.143400 0.023600 0.040300 0.200200 0.182600 0.101600
  025 0.050900 0.147400 0.024700 0.041800 0.208200 0.186800 0.106000
  033 0.053300 0.150600 0.026000 0.043700 0.214000 0.193900 0.111700
  041 0.055800 0.155700 0.027600 0.045600 0.219700 0.199800 0.116800
  049 0.056700 0.165500 0.028100 0.047400 0.230300 0.208200 0.122600
  057 0.055500 0.170200 0.027700 0.047500 0.231300 0.213400 0.122000
  065 0.052500 0.173400 0.026600 0.047100 0.228200 0.205000 0.114000
  073 0.049600 0.183700 0.025400 0.047200 0.232500 0.201700 0.107200
  081 0.049000 0.198400 0.025300 0.048600 0.245700 0.198900 0.103000
  089 0.047300 0.211800 0.024600 0.048900 0.259300 0.192500 0.100400
  097 0.047600 0.229500 0.024500 0.050400 0.273600 0.197500 0.102700
  105 0.046300 0.241400 0.023200 0.050300 0.280400 0.194100 0.101300
  113 0.045400 0.248100 0.022400 0.050300 0.281400 0.195000 0.101100
  121 0.047000 0.258700 0.022900 0.051500 0.284000 0.202900 0.104000
  129 0.045500 0.261600 0.022400 0.050800 0.285400 0.203400 0.102700
  137 0.047100 0.264100 0.023800 0.051900 0.288400 0.210300 0.107500
  145 0.047300 0.259500 0.023800 0.051500 0.288500 0.210500 0.107700
  153 0.045900 0.253300 0.023300 0.050700 0.285900 0.207800 0.105900
  161 0.049600 0.248600 0.025000 0.052800 0.280400 0.205100 0.107700
  169 0.041400 0.247700 0.020200 0.049100 0.271500 0.181900 0.087000
  177 0.039600 0.254500 0.019600 0.048300 0.278500 0.183900 0.086200
  185 0.039400 0.259900 0.020100 0.048700 0.280400 0.183900 0.084100
  193 0.036700 0.262000 0.019000 0.047000 0.284000 0.188200 0.084700
  201 0.033800 0.256600 0.017200 0.043500 0.275400 0.178900 0.079800
  209 0.035600 0.254500 0.017900 0.044200 0.276200 0.189100 0.080600
  217 0.035400 0.253300 0.017800 0.044100 0.274800 0.190400 0.080600
  225 0.036900 0.247000 0.018200 0.044100 0.267700 0.188000 0.078400
  233 0.036500 0.244500 0.018600 0.043800 0.267700 0.174600 0.075400
  241 0.029100 0.237700 0.015200 0.038800 0.252200 0.150200 0.065700
  249 0.028200 0.235200 0.014100 0.037500 0.251700 0.146300 0.064900
  257 0.029800 0.237600 0.015000 0.038500 0.255100 0.151400 0.067300
  265 0.029500 0.226700 0.015300 0.037800 0.249800 0.158200 0.067900
  273 0.028300 0.204300 0.013900 0.035100 0.230100 0.143500 0.064500
  281 0.028000 0.194800 0.013900 0.034300 0.222900 0.141800 0.063800
  289 0.027300 0.183300 0.013600 0.033500 0.211200 0.141800 0.062400
  297 0.027600 0.174200 0.013700 0.033100 0.203400 0.140900 0.061300
  305 0.029600 0.173300 0.014800 0.034300 0.200700 0.147000 0.063800
  313 0.031400 0.172100 0.015500 0.035500 0.196900 0.151900 0.064600
  321 0.033200 0.168400 0.016200 0.035800 0.194700 0.152300 0.066300
  329 0.035800 0.164000 0.017000 0.036100 0.194600 0.153000 0.070000
  337 0.038200 0.161300 0.018000 0.037100 0.197100 0.162300 0.075400
  345 0.040300 0.157700 0.019300 0.037500 0.197800 0.165900 0.079900
  353 0.042000 0.156400 0.020300 0.038000 0.200100 0.170700 0.083400
  361 0.040400 0.146300 0.019200 0.036000 0.189500 0.161200 0.082800
